{"Coordinates": [[500.0, 500.0], [691.0, 729.0], [978.0, 828.0], [427.0, 367.0], [777.0, 543.0], [190.0, 596.0], [773.0, 750.0], [234.0, 727.0], [851.0, 358.0], [140.0, 69.0], [891.0, 285.0], [467.0, 13.0], [537.0, 162.0], [636.0, 355.0], [213.0, 284.0], [75.0, 877.0], [384.0, 814.0], [606.0, 173.0], [76.0, 236.0], [86.0, 733.0], [642.0, 61.0], [303.0, 261.0], [771.0, 775.0], [107.0, 264.0], [763.0, 43.0], [811.0, 873.0], [38.0, 170.0], [822.0, 920.0], [907.0, 792.0], [539.0, 273.0], [576.0, 836.0], [491.0, 411.0], [430.0, 725.0], [727.0, 248.0], [532.0, 825.0], [457.0, 218.0], [398.0, 153.0], [942.0, 597.0], [8.0, 330.0], [637.0, 85.0], [75.0, 781.0], [578.0, 635.0], [560.0, 188.0], [27.0, 523.0], [432.0, 198.0], [359.0, 691.0], [695.0, 372.0], [203.0, 307.0], [641.0, 389.0], [836.0, 612.0], [375.0, 499.0], [818.0, 980.0], [577.0, 226.0], [889.0, 259.0], [516.0, 324.0], [102.0, 346.0], [318.0, 976.0], [223.0, 11.0], [484.0, 245.0], [365.0, 982.0], [648.0, 790.0], [878.0, 261.0], [600.0, 800.0], [493.0, 722.0], [549.0, 214.0], [714.0, 918.0], [638.0, 166.0], [452.0, 172.0], [711.0, 687.0], [924.0, 905.0], [326.0, 662.0], [786.0, 203.0], [24.0, 32.0], [529.0, 661.0], [843.0, 248.0], [115.0, 449.0], [82.0, 971.0], [876.0, 644.0], [322.0, 24.0], [642.0, 810.0], [685.0, 607.0], [141.0, 824.0], [351.0, 732.0], [641.0, 954.0], [330.0, 941.0], [830.0, 188.0], [469.0, 250.0], [970.0, 812.0], [723.0, 360.0], [274.0, 238.0], [668.0, 103.0], [562.0, 82.0], [269.0, 147.0], [135.0, 493.0], [895.0, 953.0], [930.0, 729.0], [579.0, 972.0], [901.0, 987.0], [546.0, 102.0], [664.0, 479.0], [967.0, 393.0], [388.0, 767.0], [977.0, 995.0], [968.0, 434.0], [517.0, 382.0], [974.0, 455.0], [537.0, 160.0], [457.0, 1.0], [556.0, 91.0], [995.0, 969.0], [768.0, 432.0], [991.0, 1000.0], [295.0, 704.0], [802.0, 446.0], [785.0, 358.0], [576.0, 108.0], [592.0, 694.0], [527.0, 109.0], [607.0, 347.0], [693.0, 470.0], [690.0, 10.0], [843.0, 955.0], [767.0, 401.0], [854.0, 524.0], [325.0, 778.0], [465.0, 885.0], [415.0, 721.0], [889.0, 993.0], [955.0, 943.0], [394.0, 769.0], [584.0, 479.0], [545.0, 66.0], [496.0, 700.0], [942.0, 991.0], [888.0, 436.0], [980.0, 290.0], [958.0, 475.0], [444.0, 754.0], [583.0, 835.0], [435.0, 761.0], [887.0, 925.0], [919.0, 932.0], [997.0, 371.0], [710.0, 300.0], [597.0, 547.0], [253.0, 971.0], [372.0, 794.0], [648.0, 450.0], [438.0, 871.0], [758.0, 513.0], [638.0, 469.0], [313.0, 682.0], [728.0, 143.0], [852.0, 970.0], [458.0, 787.0], [635.0, 24.0], [752.0, 463.0], [616.0, 535.0], [944.0, 381.0], [524.0, 482.0], [550.0, 133.0], [564.0, 44.0], [625.0, 799.0], [660.0, 428.0], [575.0, 120.0], [433.0, 847.0], [657.0, 524.0], [516.0, 12.0], [766.0, 270.0], [355.0, 615.0], [265.0, 183.0], [984.0, 952.0], [361.0, 749.0], [464.0, 642.0], [919.0, 380.0], [941.0, 995.0], [638.0, 508.0], [699.0, 633.0], [773.0, 599.0], [492.0, 754.0], [559.0, 108.0], [231.0, 773.0], [250.0, 657.0], [581.0, 467.0], [275.0, 755.0], [381.0, 870.0], [983.0, 445.0], [989.0, 455.0], [654.0, 377.0], [520.0, 87.0], [365.0, 726.0], [646.0, 438.0], [349.0, 696.0], [490.0, 876.0], [211.0, 808.0]], "LocationDemands": [0, 79, 84, 100, 23, 32, 90, 8, 50, 29, 96, 26, 17, 92, 41, 16, 95, 41, 69, 30, 83, 11, 84, 38, 29, 88, 33, 77, 76, 74, 16, 31, 33, 76, 16, 28, 67, 22, 61, 72, 27, 96, 2, 88, 88, 6, 22, 7, 20, 69, 72, 58, 87, 32, 25, 4, 61, 1, 61, 84, 75, 16, 75, 100, 87, 30, 6, 8, 79, 31, 2, 53, 75, 76, 94, 16, 87, 58, 13, 92, 89, 93, 15, 90, 5, 35, 43, 64, 35, 17, 9, 59, 98, 10, 2, 89, 5, 17, 19, 43, 50, 86, 27, 6, 34, 46, 39, 12, 7, 76, 30, 24, 42, 89, 64, 29, 27, 49, 54, 73, 90, 12, 42, 3, 36, 84, 13, 52, 28, 17, 21, 37, 72, 16, 52, 83, 45, 86, 2, 80, 36, 89, 89, 56, 19, 36, 86, 78, 45, 3, 72, 82, 67, 65, 26, 20, 80, 67, 24, 42, 95, 6, 78, 92, 34, 50, 93, 38, 48, 73, 48, 23, 66, 24, 6, 41, 61, 12, 44, 40, 49, 23, 15, 45, 7, 55, 26, 14, 19, 87, 49, 11, 48, 64, 54], "DistanceMatrix": [[0.0, 298.0, 580.0, 152.0, 280.0, 325.0, 370.0, 350.0, 379.0, 562.0, 446.0, 488.0, 340.0, 199.0, 359.0, 568.0, 335.0, 344.0, 499.0, 475.0, 461.0, 310.0, 386.0, 458.0, 527.0, 486.0, 568.0, 529.0, 501.0, 230.0, 344.0, 89.0, 236.0, 339.0, 327.0, 285.0, 362.0, 453.0, 521.0, 437.0, 509.0, 156.0, 318.0, 474.0, 310.0, 237.0, 233.0, 354.0, 179.0, 354.0, 125.0, 576.0, 285.0, 458.0, 177.0, 427.0, 510.0, 562.0, 256.0, 501.0, 326.0, 447.0, 316.0, 222.0, 290.0, 470.0, 361.0, 331.0, 282.0, 586.0, 238.0, 412.0, 668.0, 164.0, 426.0, 388.0, 630.0, 403.0, 508.0, 341.0, 214.0, 484.0, 276.0, 475.0, 473.0, 454.0, 252.0, 564.0, 263.0, 346.0, 431.0, 423.0, 422.0, 365.0, 601.0, 487.0, 479.0, 631.0, 401.0, 165.0, 479.0, 290.0, 687.0, 473.0, 119.0, 476.0, 342.0, 501.0, 413.0, 682.0, 276.0, 701.0, 289.0, 307.0, 318.0, 399.0, 215.0, 392.0, 187.0, 195.0, 526.0, 570.0, 285.0, 355.0, 328.0, 387.0, 237.0, 628.0, 635.0, 289.0, 87.0, 436.0, 200.0, 661.0, 393.0, 524.0, 459.0, 260.0, 345.0, 269.0, 575.0, 602.0, 513.0, 290.0, 108.0, 532.0, 321.0, 156.0, 376.0, 258.0, 141.0, 261.0, 424.0, 587.0, 290.0, 495.0, 255.0, 121.0, 460.0, 30.0, 370.0, 460.0, 324.0, 175.0, 387.0, 353.0, 159.0, 488.0, 352.0, 185.0, 395.0, 662.0, 285.0, 146.0, 436.0, 663.0, 138.0, 239.0, 290.0, 254.0, 396.0, 383.0, 295.0, 87.0, 340.0, 389.0, 486.0, 491.0, 197.0, 413.0, 263.0, 159.0, 247.0, 376.0, 422.0], [298.0, 0.0, 304.0, 448.0, 205.0, 518.0, 85.0, 457.0, 404.0, 860.0, 487.0, 750.0, 588.0, 378.0, 653.0, 634.0, 319.0, 562.0, 788.0, 605.0, 670.0, 608.0, 92.0, 747.0, 690.0, 187.0, 860.0, 232.0, 225.0, 481.0, 157.0, 376.0, 261.0, 482.0, 186.0, 562.0, 646.0, 284.0, 791.0, 646.0, 618.0, 147.0, 557.0, 695.0, 591.0, 334.0, 357.0, 645.0, 344.0, 186.0, 391.0, 281.0, 516.0, 510.0, 441.0, 703.0, 447.0, 857.0, 526.0, 413.0, 75.0, 504.0, 115.0, 198.0, 534.0, 190.0, 565.0, 606.0, 47.0, 292.0, 371.0, 535.0, 965.0, 176.0, 504.0, 640.0, 655.0, 204.0, 796.0, 95.0, 122.0, 558.0, 340.0, 230.0, 419.0, 559.0, 528.0, 291.0, 370.0, 644.0, 626.0, 660.0, 719.0, 604.0, 303.0, 239.0, 268.0, 333.0, 644.0, 251.0, 435.0, 305.0, 391.0, 405.0, 388.0, 394.0, 589.0, 765.0, 652.0, 387.0, 307.0, 404.0, 397.0, 304.0, 383.0, 632.0, 105.0, 641.0, 391.0, 259.0, 719.0, 272.0, 337.0, 262.0, 369.0, 275.0, 276.0, 330.0, 340.0, 300.0, 272.0, 679.0, 197.0, 363.0, 353.0, 526.0, 369.0, 248.0, 151.0, 258.0, 277.0, 305.0, 471.0, 429.0, 205.0, 500.0, 326.0, 282.0, 290.0, 226.0, 265.0, 381.0, 587.0, 290.0, 240.0, 707.0, 273.0, 208.0, 430.0, 298.0, 612.0, 697.0, 96.0, 303.0, 620.0, 284.0, 208.0, 738.0, 465.0, 355.0, 693.0, 368.0, 331.0, 243.0, 417.0, 365.0, 227.0, 96.0, 154.0, 201.0, 635.0, 462.0, 447.0, 284.0, 417.0, 341.0, 407.0, 405.0, 354.0, 664.0, 326.0, 294.0, 344.0, 249.0, 486.0], [580.0, 304.0, 0.0, 718.0, 349.0, 821.0, 219.0, 751.0, 487.0, 1131.0, 550.0, 962.0, 799.0, 584.0, 939.0, 904.0, 594.0, 753.0, 1079.0, 897.0, 837.0, 882.0, 214.0, 1038.0, 814.0, 173.0, 1147.0, 181.0, 80.0, 708.0, 402.0, 641.0, 558.0, 632.0, 446.0, 802.0, 890.0, 234.0, 1090.0, 818.0, 904.0, 444.0, 764.0, 999.0, 834.0, 634.0, 537.0, 934.0, 553.0, 258.0, 687.0, 221.0, 723.0, 576.0, 684.0, 1000.0, 676.0, 1112.0, 764.0, 632.0, 332.0, 576.0, 379.0, 496.0, 749.0, 279.0, 744.0, 841.0, 302.0, 94.0, 673.0, 654.0, 1242.0, 479.0, 596.0, 943.0, 907.0, 210.0, 1038.0, 336.0, 367.0, 837.0, 634.0, 360.0, 658.0, 657.0, 770.0, 18.0, 533.0, 919.0, 788.0, 854.0, 983.0, 907.0, 150.0, 110.0, 424.0, 177.0, 845.0, 469.0, 435.0, 593.0, 167.0, 394.0, 641.0, 373.0, 800.0, 977.0, 849.0, 142.0, 448.0, 172.0, 694.0, 421.0, 508.0, 825.0, 409.0, 849.0, 607.0, 458.0, 867.0, 185.0, 476.0, 328.0, 655.0, 516.0, 573.0, 187.0, 117.0, 587.0, 526.0, 876.0, 499.0, 167.0, 402.0, 538.0, 354.0, 539.0, 395.0, 547.0, 133.0, 120.0, 457.0, 592.0, 473.0, 739.0, 607.0, 502.0, 542.0, 384.0, 494.0, 681.0, 729.0, 190.0, 522.0, 874.0, 429.0, 466.0, 448.0, 571.0, 816.0, 887.0, 354.0, 511.0, 815.0, 545.0, 442.0, 938.0, 597.0, 658.0, 961.0, 124.0, 622.0, 547.0, 452.0, 171.0, 467.0, 340.0, 307.0, 492.0, 833.0, 749.0, 748.0, 537.0, 707.0, 598.0, 383.0, 373.0, 555.0, 871.0, 621.0, 512.0, 643.0, 490.0, 767.0], [152.0, 448.0, 718.0, 0.0, 392.0, 330.0, 516.0, 408.0, 424.0, 414.0, 471.0, 356.0, 233.0, 209.0, 230.0, 620.0, 449.0, 264.0, 375.0, 500.0, 374.0, 163.0, 534.0, 336.0, 467.0, 635.0, 436.0, 680.0, 641.0, 146.0, 492.0, 78.0, 358.0, 323.0, 470.0, 152.0, 216.0, 564.0, 421.0, 352.0, 543.0, 308.0, 223.0, 429.0, 169.0, 331.0, 268.0, 232.0, 215.0, 477.0, 142.0, 727.0, 206.0, 474.0, 99.0, 326.0, 619.0, 410.0, 135.0, 618.0, 477.0, 463.0, 466.0, 361.0, 196.0, 621.0, 291.0, 197.0, 428.0, 732.0, 312.0, 395.0, 524.0, 311.0, 433.0, 323.0, 696.0, 528.0, 359.0, 492.0, 352.0, 539.0, 373.0, 625.0, 582.0, 441.0, 124.0, 702.0, 296.0, 200.0, 357.0, 315.0, 271.0, 318.0, 750.0, 620.0, 624.0, 780.0, 290.0, 262.0, 541.0, 402.0, 835.0, 545.0, 91.0, 554.0, 234.0, 367.0, 305.0, 828.0, 347.0, 848.0, 362.0, 383.0, 358.0, 299.0, 366.0, 277.0, 181.0, 285.0, 443.0, 720.0, 342.0, 455.0, 423.0, 519.0, 354.0, 778.0, 781.0, 403.0, 193.0, 323.0, 340.0, 809.0, 466.0, 558.0, 542.0, 387.0, 493.0, 394.0, 723.0, 749.0, 570.0, 291.0, 248.0, 629.0, 431.0, 236.0, 504.0, 362.0, 234.0, 335.0, 375.0, 738.0, 421.0, 401.0, 339.0, 253.0, 517.0, 150.0, 264.0, 351.0, 475.0, 241.0, 288.0, 480.0, 278.0, 366.0, 353.0, 258.0, 245.0, 808.0, 388.0, 277.0, 492.0, 812.0, 254.0, 380.0, 417.0, 392.0, 291.0, 451.0, 340.0, 184.0, 417.0, 505.0, 561.0, 569.0, 227.0, 295.0, 364.0, 230.0, 338.0, 513.0, 491.0], [280.0, 205.0, 349.0, 392.0, 0.0, 589.0, 207.0, 573.0, 199.0, 794.0, 282.0, 614.0, 450.0, 235.0, 621.0, 777.0, 477.0, 408.0, 765.0, 717.0, 501.0, 552.0, 232.0, 726.0, 500.0, 332.0, 828.0, 380.0, 281.0, 360.0, 355.0, 315.0, 392.0, 299.0, 374.0, 456.0, 544.0, 174.0, 798.0, 479.0, 741.0, 219.0, 416.0, 750.0, 488.0, 443.0, 190.0, 621.0, 205.0, 91.0, 404.0, 439.0, 375.0, 305.0, 341.0, 703.0, 631.0, 768.0, 418.0, 602.0, 279.0, 300.0, 312.0, 336.0, 400.0, 380.0, 402.0, 493.0, 158.0, 391.0, 466.0, 340.0, 910.0, 275.0, 302.0, 669.0, 816.0, 141.0, 690.0, 299.0, 112.0, 695.0, 466.0, 433.0, 599.0, 359.0, 425.0, 331.0, 191.0, 588.0, 453.0, 509.0, 644.0, 644.0, 427.0, 241.0, 472.0, 461.0, 498.0, 130.0, 242.0, 449.0, 494.0, 220.0, 306.0, 216.0, 452.0, 629.0, 503.0, 479.0, 111.0, 505.0, 508.0, 100.0, 185.0, 479.0, 239.0, 501.0, 259.0, 111.0, 540.0, 417.0, 142.0, 79.0, 509.0, 463.0, 403.0, 464.0, 438.0, 445.0, 203.0, 530.0, 322.0, 477.0, 154.0, 324.0, 193.0, 394.0, 351.0, 406.0, 398.0, 414.0, 279.0, 252.0, 180.0, 677.0, 476.0, 159.0, 472.0, 36.0, 157.0, 484.0, 403.0, 434.0, 402.0, 538.0, 84.0, 161.0, 233.0, 260.0, 469.0, 543.0, 298.0, 164.0, 469.0, 459.0, 121.0, 592.0, 273.0, 428.0, 626.0, 458.0, 464.0, 328.0, 216.0, 481.0, 143.0, 119.0, 56.0, 355.0, 487.0, 592.0, 539.0, 210.0, 545.0, 514.0, 228.0, 230.0, 207.0, 523.0, 451.0, 168.0, 455.0, 440.0, 625.0], [325.0, 518.0, 821.0, 330.0, 589.0, 0.0, 603.0, 138.0, 703.0, 529.0, 767.0, 645.0, 556.0, 507.0, 313.0, 304.0, 292.0, 593.0, 378.0, 172.0, 700.0, 354.0, 608.0, 342.0, 796.0, 680.0, 452.0, 710.0, 743.0, 476.0, 455.0, 353.0, 272.0, 640.0, 412.0, 463.0, 489.0, 752.0, 322.0, 679.0, 218.0, 390.0, 551.0, 179.0, 466.0, 194.0, 552.0, 289.0, 496.0, 646.0, 209.0, 736.0, 535.0, 776.0, 425.0, 265.0, 401.0, 586.0, 458.0, 424.0, 497.0, 765.0, 458.0, 328.0, 524.0, 615.0, 621.0, 498.0, 529.0, 796.0, 151.0, 714.0, 588.0, 345.0, 740.0, 165.0, 390.0, 688.0, 587.0, 500.0, 495.0, 233.0, 211.0, 576.0, 372.0, 759.0, 444.0, 809.0, 583.0, 368.0, 687.0, 634.0, 456.0, 117.0, 790.0, 752.0, 541.0, 811.0, 609.0, 488.0, 803.0, 262.0, 882.0, 795.0, 391.0, 797.0, 557.0, 652.0, 624.0, 887.0, 601.0, 897.0, 151.0, 630.0, 641.0, 622.0, 414.0, 592.0, 486.0, 519.0, 770.0, 745.0, 609.0, 668.0, 227.0, 399.0, 257.0, 804.0, 840.0, 267.0, 411.0, 638.0, 323.0, 849.0, 716.0, 847.0, 777.0, 299.0, 460.0, 295.0, 771.0, 803.0, 838.0, 598.0, 410.0, 380.0, 269.0, 481.0, 370.0, 574.0, 466.0, 150.0, 703.0, 760.0, 329.0, 725.0, 578.0, 430.0, 784.0, 353.0, 586.0, 667.0, 480.0, 499.0, 612.0, 349.0, 473.0, 669.0, 662.0, 166.0, 420.0, 870.0, 229.0, 278.0, 760.0, 850.0, 457.0, 510.0, 583.0, 341.0, 612.0, 182.0, 86.0, 412.0, 180.0, 334.0, 807.0, 811.0, 513.0, 607.0, 218.0, 483.0, 188.0, 410.0, 213.0], [370.0, 85.0, 219.0, 516.0, 207.0, 603.0, 0.0, 539.0, 400.0, 930.0, 480.0, 798.0, 634.0, 418.0, 729.0, 709.0, 394.0, 601.0, 866.0, 687.0, 701.0, 678.0, 25.0, 824.0, 707.0, 129.0, 936.0, 177.0, 140.0, 531.0, 215.0, 441.0, 344.0, 504.0, 252.0, 619.0, 705.0, 228.0, 873.0, 679.0, 699.0, 226.0, 601.0, 780.0, 649.0, 418.0, 386.0, 722.0, 384.0, 152.0, 471.0, 234.0, 559.0, 505.0, 498.0, 783.0, 508.0, 921.0, 582.0, 469.0, 131.0, 500.0, 180.0, 281.0, 581.0, 178.0, 599.0, 661.0, 88.0, 216.0, 456.0, 547.0, 1038.0, 260.0, 507.0, 724.0, 725.0, 148.0, 855.0, 144.0, 168.0, 636.0, 422.0, 243.0, 482.0, 565.0, 585.0, 207.0, 393.0, 715.0, 655.0, 701.0, 786.0, 688.0, 237.0, 158.0, 295.0, 269.0, 687.0, 292.0, 406.0, 385.0, 319.0, 371.0, 448.0, 357.0, 635.0, 813.0, 694.0, 312.0, 318.0, 332.0, 480.0, 305.0, 392.0, 672.0, 189.0, 687.0, 436.0, 291.0, 745.0, 217.0, 349.0, 240.0, 449.0, 336.0, 359.0, 269.0, 265.0, 379.0, 330.0, 721.0, 281.0, 294.0, 334.0, 504.0, 331.0, 329.0, 208.0, 338.0, 209.0, 233.0, 440.0, 454.0, 269.0, 565.0, 403.0, 325.0, 356.0, 237.0, 312.0, 465.0, 609.0, 234.0, 317.0, 739.0, 288.0, 266.0, 407.0, 366.0, 656.0, 736.0, 156.0, 341.0, 660.0, 354.0, 254.0, 781.0, 480.0, 439.0, 761.0, 292.0, 412.0, 327.0, 398.0, 297.0, 277.0, 138.0, 151.0, 281.0, 677.0, 542.0, 531.0, 342.0, 498.0, 410.0, 370.0, 366.0, 392.0, 710.0, 409.0, 337.0, 427.0, 310.0, 565.0], [350.0, 457.0, 751.0, 408.0, 573.0, 138.0, 539.0, 0.0, 719.0, 665.0, 792.0, 751.0, 641.0, 548.0, 443.0, 219.0, 173.0, 667.0, 516.0, 148.0, 781.0, 471.0, 539.0, 480.0, 865.0, 595.0, 590.0, 619.0, 676.0, 547.0, 359.0, 407.0, 196.0, 687.0, 314.0, 556.0, 597.0, 720.0, 457.0, 758.0, 168.0, 356.0, 630.0, 291.0, 565.0, 130.0, 582.0, 421.0, 529.0, 613.0, 268.0, 636.0, 607.0, 805.0, 492.0, 403.0, 263.0, 716.0, 543.0, 287.0, 419.0, 795.0, 373.0, 259.0, 602.0, 517.0, 691.0, 596.0, 479.0, 713.0, 113.0, 761.0, 726.0, 302.0, 775.0, 302.0, 287.0, 647.0, 708.0, 416.0, 467.0, 134.0, 117.0, 466.0, 235.0, 804.0, 532.0, 741.0, 611.0, 491.0, 760.0, 724.0, 581.0, 254.0, 699.0, 696.0, 423.0, 716.0, 699.0, 496.0, 806.0, 159.0, 790.0, 790.0, 446.0, 788.0, 643.0, 759.0, 713.0, 799.0, 610.0, 805.0, 65.0, 634.0, 663.0, 707.0, 360.0, 684.0, 532.0, 526.0, 850.0, 650.0, 625.0, 652.0, 104.0, 280.0, 181.0, 707.0, 753.0, 165.0, 429.0, 731.0, 263.0, 756.0, 716.0, 865.0, 767.0, 212.0, 365.0, 204.0, 682.0, 715.0, 842.0, 639.0, 405.0, 245.0, 153.0, 498.0, 250.0, 566.0, 479.0, 91.0, 765.0, 664.0, 232.0, 809.0, 581.0, 428.0, 790.0, 380.0, 673.0, 759.0, 398.0, 520.0, 696.0, 232.0, 469.0, 769.0, 701.0, 165.0, 545.0, 783.0, 129.0, 245.0, 768.0, 756.0, 460.0, 474.0, 554.0, 259.0, 699.0, 46.0, 72.0, 434.0, 50.0, 205.0, 800.0, 803.0, 547.0, 701.0, 131.0, 503.0, 119.0, 296.0, 84.0], [379.0, 404.0, 487.0, 424.0, 199.0, 703.0, 400.0, 719.0, 0.0, 767.0, 83.0, 516.0, 370.0, 215.0, 642.0, 934.0, 653.0, 307.0, 785.0, 852.0, 363.0, 557.0, 425.0, 750.0, 327.0, 517.0, 834.0, 563.0, 438.0, 323.0, 551.0, 364.0, 559.0, 166.0, 566.0, 418.0, 497.0, 256.0, 843.0, 347.0, 884.0, 389.0, 337.0, 840.0, 449.0, 594.0, 157.0, 650.0, 212.0, 254.0, 496.0, 623.0, 304.0, 106.0, 337.0, 749.0, 816.0, 717.0, 384.0, 791.0, 477.0, 101.0, 508.0, 511.0, 335.0, 577.0, 287.0, 440.0, 358.0, 552.0, 607.0, 168.0, 889.0, 442.0, 110.0, 742.0, 983.0, 287.0, 626.0, 498.0, 299.0, 849.0, 624.0, 632.0, 782.0, 171.0, 397.0, 469.0, 128.0, 589.0, 314.0, 400.0, 619.0, 729.0, 597.0, 379.0, 672.0, 631.0, 398.0, 223.0, 121.0, 618.0, 649.0, 140.0, 335.0, 157.0, 371.0, 532.0, 398.0, 628.0, 111.0, 657.0, 655.0, 101.0, 66.0, 372.0, 424.0, 409.0, 244.0, 194.0, 383.0, 597.0, 94.0, 166.0, 673.0, 653.0, 567.0, 636.0, 594.0, 615.0, 293.0, 423.0, 493.0, 640.0, 86.0, 146.0, 159.0, 568.0, 547.0, 579.0, 568.0, 578.0, 147.0, 152.0, 317.0, 856.0, 648.0, 223.0, 659.0, 181.0, 240.0, 628.0, 248.0, 612.0, 582.0, 398.0, 144.0, 294.0, 96.0, 350.0, 376.0, 425.0, 496.0, 203.0, 364.0, 643.0, 255.0, 482.0, 122.0, 559.0, 612.0, 609.0, 627.0, 480.0, 71.0, 643.0, 261.0, 314.0, 253.0, 535.0, 384.0, 746.0, 671.0, 291.0, 700.0, 695.0, 158.0, 169.0, 198.0, 428.0, 610.0, 220.0, 605.0, 631.0, 782.0], [562.0, 860.0, 1131.0, 414.0, 794.0, 529.0, 930.0, 665.0, 767.0, 0.0, 781.0, 332.0, 408.0, 573.0, 227.0, 811.0, 784.0, 477.0, 179.0, 666.0, 502.0, 252.0, 947.0, 198.0, 624.0, 1047.0, 144.0, 1091.0, 1054.0, 448.0, 882.0, 490.0, 717.0, 614.0, 852.0, 350.0, 271.0, 960.0, 292.0, 497.0, 715.0, 716.0, 437.0, 468.0, 319.0, 659.0, 632.0, 246.0, 594.0, 883.0, 490.0, 1136.0, 464.0, 773.0, 454.0, 280.0, 924.0, 101.0, 386.0, 940.0, 882.0, 763.0, 864.0, 742.0, 434.0, 1025.0, 507.0, 329.0, 841.0, 1146.0, 621.0, 660.0, 122.0, 708.0, 725.0, 381.0, 904.0, 934.0, 187.0, 895.0, 766.0, 755.0, 696.0, 1017.0, 892.0, 700.0, 376.0, 1114.0, 652.0, 216.0, 529.0, 422.0, 151.0, 424.0, 1163.0, 1029.0, 1004.0, 1192.0, 407.0, 665.0, 888.0, 741.0, 1248.0, 905.0, 490.0, 919.0, 407.0, 324.0, 417.0, 1241.0, 725.0, 1261.0, 654.0, 762.0, 707.0, 438.0, 771.0, 389.0, 543.0, 683.0, 553.0, 1131.0, 709.0, 847.0, 733.0, 878.0, 708.0, 1189.0, 1195.0, 745.0, 604.0, 405.0, 724.0, 1222.0, 833.0, 869.0, 913.0, 749.0, 885.0, 752.0, 1136.0, 1163.0, 909.0, 615.0, 661.0, 909.0, 761.0, 635.0, 856.0, 761.0, 639.0, 637.0, 593.0, 1148.0, 785.0, 497.0, 728.0, 666.0, 862.0, 564.0, 415.0, 425.0, 876.0, 632.0, 438.0, 831.0, 689.0, 380.0, 657.0, 587.0, 169.0, 1221.0, 715.0, 658.0, 839.0, 1224.0, 664.0, 794.0, 826.0, 770.0, 421.0, 710.0, 598.0, 594.0, 699.0, 836.0, 923.0, 933.0, 599.0, 380.0, 694.0, 626.0, 661.0, 880.0, 742.0], [446.0, 487.0, 550.0, 471.0, 282.0, 767.0, 480.0, 792.0, 83.0, 781.0, 0.0, 504.0, 375.0, 264.0, 678.0, 1008.0, 733.0, 306.0, 816.0, 921.0, 335.0, 588.0, 504.0, 784.0, 274.0, 593.0, 861.0, 639.0, 507.0, 352.0, 635.0, 419.0, 637.0, 168.0, 648.0, 439.0, 510.0, 316.0, 884.0, 323.0, 955.0, 470.0, 345.0, 896.0, 467.0, 669.0, 214.0, 688.0, 271.0, 332.0, 559.0, 699.0, 319.0, 26.0, 377.0, 791.0, 898.0, 722.0, 409.0, 873.0, 560.0, 27.0, 592.0, 591.0, 349.0, 657.0, 280.0, 453.0, 440.0, 621.0, 679.0, 133.0, 903.0, 522.0, 61.0, 793.0, 1061.0, 359.0, 626.0, 581.0, 382.0, 924.0, 701.0, 714.0, 863.0, 115.0, 423.0, 533.0, 184.0, 619.0, 288.0, 387.0, 637.0, 784.0, 668.0, 446.0, 755.0, 702.0, 391.0, 299.0, 132.0, 697.0, 715.0, 168.0, 386.0, 189.0, 375.0, 519.0, 387.0, 692.0, 192.0, 722.0, 729.0, 184.0, 129.0, 361.0, 507.0, 404.0, 291.0, 271.0, 341.0, 672.0, 170.0, 242.0, 751.0, 736.0, 646.0, 708.0, 661.0, 694.0, 363.0, 409.0, 573.0, 708.0, 151.0, 89.0, 201.0, 648.0, 630.0, 659.0, 640.0, 648.0, 136.0, 182.0, 394.0, 937.0, 727.0, 294.0, 741.0, 264.0, 313.0, 701.0, 216.0, 686.0, 663.0, 366.0, 226.0, 372.0, 110.0, 417.0, 373.0, 406.0, 579.0, 272.0, 356.0, 725.0, 334.0, 464.0, 126.0, 629.0, 634.0, 673.0, 704.0, 557.0, 99.0, 712.0, 337.0, 397.0, 335.0, 616.0, 376.0, 821.0, 741.0, 359.0, 775.0, 776.0, 185.0, 196.0, 254.0, 421.0, 686.0, 289.0, 680.0, 714.0, 858.0], [488.0, 750.0, 962.0, 356.0, 614.0, 645.0, 798.0, 751.0, 516.0, 332.0, 504.0, 0.0, 165.0, 381.0, 371.0, 949.0, 805.0, 212.0, 450.0, 815.0, 181.0, 297.0, 820.0, 439.0, 298.0, 926.0, 457.0, 974.0, 895.0, 270.0, 830.0, 399.0, 713.0, 350.0, 815.0, 205.0, 156.0, 753.0, 558.0, 185.0, 862.0, 632.0, 198.0, 674.0, 188.0, 687.0, 425.0, 395.0, 414.0, 704.0, 495.0, 1029.0, 240.0, 488.0, 315.0, 494.0, 974.0, 244.0, 233.0, 974.0, 798.0, 480.0, 798.0, 709.0, 217.0, 938.0, 229.0, 160.0, 717.0, 1002.0, 664.0, 371.0, 443.0, 651.0, 443.0, 560.0, 1032.0, 752.0, 145.0, 816.0, 633.0, 874.0, 728.0, 957.0, 938.0, 403.0, 237.0, 944.0, 431.0, 296.0, 220.0, 117.0, 239.0, 584.0, 1033.0, 853.0, 966.0, 1066.0, 119.0, 506.0, 628.0, 758.0, 1107.0, 654.0, 372.0, 673.0, 163.0, 16.0, 118.0, 1092.0, 516.0, 1117.0, 712.0, 547.0, 469.0, 145.0, 692.0, 113.0, 362.0, 510.0, 223.0, 1014.0, 490.0, 641.0, 778.0, 872.0, 710.0, 1067.0, 1050.0, 760.0, 480.0, 94.0, 688.0, 1087.0, 597.0, 583.0, 674.0, 741.0, 830.0, 749.0, 1004.0, 1024.0, 640.0, 376.0, 550.0, 982.0, 787.0, 473.0, 858.0, 579.0, 487.0, 686.0, 292.0, 1032.0, 774.0, 168.0, 533.0, 543.0, 602.0, 472.0, 146.0, 102.0, 802.0, 458.0, 152.0, 835.0, 545.0, 49.0, 394.0, 612.0, 264.0, 1072.0, 744.0, 629.0, 582.0, 1090.0, 524.0, 662.0, 661.0, 741.0, 132.0, 796.0, 680.0, 468.0, 766.0, 861.0, 673.0, 684.0, 409.0, 91.0, 720.0, 461.0, 693.0, 863.0, 835.0], [340.0, 588.0, 799.0, 233.0, 450.0, 556.0, 634.0, 641.0, 370.0, 408.0, 375.0, 165.0, 0.0, 217.0, 346.0, 851.0, 670.0, 70.0, 467.0, 728.0, 146.0, 254.0, 656.0, 442.0, 255.0, 762.0, 499.0, 810.0, 731.0, 111.0, 675.0, 253.0, 573.0, 209.0, 663.0, 98.0, 139.0, 594.0, 555.0, 126.0, 772.0, 475.0, 35.0, 625.0, 111.0, 558.0, 263.0, 364.0, 250.0, 540.0, 374.0, 865.0, 75.0, 365.0, 163.0, 472.0, 843.0, 348.0, 98.0, 838.0, 638.0, 355.0, 641.0, 562.0, 53.0, 776.0, 101.0, 86.0, 553.0, 838.0, 543.0, 252.0, 529.0, 499.0, 318.0, 510.0, 928.0, 589.0, 255.0, 656.0, 469.0, 771.0, 600.0, 799.0, 806.0, 294.0, 111.0, 781.0, 272.0, 274.0, 144.0, 84.0, 268.0, 521.0, 868.0, 690.0, 811.0, 902.0, 61.0, 341.0, 488.0, 623.0, 942.0, 510.0, 221.0, 526.0, 2.0, 180.0, 73.0, 928.0, 355.0, 953.0, 594.0, 388.0, 316.0, 67.0, 535.0, 54.0, 198.0, 345.0, 216.0, 850.0, 332.0, 481.0, 651.0, 727.0, 572.0, 902.0, 886.0, 624.0, 320.0, 96.0, 540.0, 923.0, 445.0, 461.0, 525.0, 599.0, 675.0, 608.0, 839.0, 860.0, 505.0, 221.0, 390.0, 857.0, 653.0, 309.0, 716.0, 415.0, 323.0, 566.0, 192.0, 867.0, 630.0, 169.0, 370.0, 381.0, 462.0, 320.0, 32.0, 121.0, 643.0, 293.0, 57.0, 693.0, 381.0, 151.0, 253.0, 488.0, 273.0, 908.0, 613.0, 486.0, 440.0, 926.0, 360.0, 498.0, 497.0, 594.0, 58.0, 683.0, 572.0, 308.0, 648.0, 725.0, 528.0, 539.0, 245.0, 77.0, 590.0, 297.0, 566.0, 716.0, 724.0], [199.0, 378.0, 584.0, 209.0, 235.0, 507.0, 418.0, 548.0, 215.0, 573.0, 264.0, 381.0, 217.0, 0.0, 429.0, 766.0, 524.0, 184.0, 573.0, 667.0, 294.0, 346.0, 441.0, 537.0, 337.0, 547.0, 626.0, 595.0, 514.0, 127.0, 485.0, 155.0, 423.0, 140.0, 481.0, 225.0, 312.0, 390.0, 628.0, 270.0, 704.0, 286.0, 183.0, 632.0, 257.0, 435.0, 61.0, 436.0, 34.0, 326.0, 298.0, 651.0, 142.0, 271.0, 124.0, 534.0, 698.0, 537.0, 188.0, 683.0, 435.0, 260.0, 446.0, 394.0, 166.0, 568.0, 189.0, 260.0, 340.0, 621.0, 436.0, 214.0, 692.0, 324.0, 233.0, 529.0, 828.0, 376.0, 456.0, 455.0, 257.0, 682.0, 473.0, 599.0, 661.0, 256.0, 197.0, 566.0, 87.0, 380.0, 254.0, 283.0, 422.0, 520.0, 652.0, 476.0, 620.0, 685.0, 269.0, 127.0, 333.0, 481.0, 725.0, 341.0, 122.0, 352.0, 219.0, 397.0, 276.0, 711.0, 153.0, 736.0, 488.0, 189.0, 149.0, 254.0, 342.0, 269.0, 30.0, 128.0, 349.0, 635.0, 139.0, 276.0, 525.0, 557.0, 428.0, 686.0, 669.0, 480.0, 134.0, 303.0, 372.0, 706.0, 265.0, 350.0, 344.0, 443.0, 483.0, 453.0, 623.0, 643.0, 361.0, 92.0, 196.0, 725.0, 512.0, 96.0, 553.0, 200.0, 114.0, 460.0, 231.0, 652.0, 467.0, 331.0, 158.0, 181.0, 309.0, 169.0, 238.0, 319.0, 444.0, 77.0, 243.0, 532.0, 170.0, 363.0, 155.0, 383.0, 409.0, 691.0, 480.0, 335.0, 284.0, 709.0, 153.0, 285.0, 280.0, 424.0, 259.0, 582.0, 490.0, 125.0, 539.0, 575.0, 358.0, 367.0, 28.0, 292.0, 459.0, 84.0, 446.0, 541.0, 621.0], [359.0, 653.0, 939.0, 230.0, 621.0, 313.0, 729.0, 443.0, 642.0, 227.0, 678.0, 371.0, 346.0, 429.0, 0.0, 609.0, 557.0, 408.0, 145.0, 467.0, 483.0, 93.0, 743.0, 108.0, 600.0, 839.0, 209.0, 881.0, 860.0, 326.0, 661.0, 306.0, 491.0, 515.0, 628.0, 253.0, 227.0, 793.0, 210.0, 468.0, 516.0, 506.0, 360.0, 303.0, 235.0, 432.0, 490.0, 25.0, 441.0, 704.0, 269.0, 922.0, 369.0, 676.0, 306.0, 127.0, 700.0, 273.0, 274.0, 714.0, 667.0, 665.0, 645.0, 520.0, 343.0, 808.0, 441.0, 264.0, 641.0, 944.0, 395.0, 579.0, 315.0, 492.0, 631.0, 192.0, 699.0, 754.0, 282.0, 679.0, 572.0, 545.0, 469.0, 795.0, 667.0, 624.0, 258.0, 923.0, 516.0, 76.0, 490.0, 403.0, 148.0, 223.0, 955.0, 844.0, 779.0, 984.0, 379.0, 491.0, 762.0, 514.0, 1044.0, 770.0, 319.0, 780.0, 347.0, 374.0, 394.0, 1040.0, 574.0, 1057.0, 428.0, 611.0, 577.0, 403.0, 558.0, 359.0, 399.0, 515.0, 550.0, 920.0, 566.0, 684.0, 507.0, 652.0, 481.0, 980.0, 992.0, 518.0, 419.0, 397.0, 503.0, 1016.0, 692.0, 767.0, 769.0, 524.0, 664.0, 526.0, 930.0, 958.0, 789.0, 497.0, 465.0, 688.0, 534.0, 466.0, 629.0, 591.0, 464.0, 410.0, 534.0, 938.0, 559.0, 496.0, 568.0, 475.0, 737.0, 369.0, 369.0, 425.0, 660.0, 470.0, 397.0, 604.0, 505.0, 407.0, 553.0, 360.0, 114.0, 1020.0, 488.0, 437.0, 712.0, 1018.0, 480.0, 598.0, 643.0, 547.0, 388.0, 489.0, 375.0, 411.0, 475.0, 610.0, 787.0, 795.0, 451.0, 365.0, 467.0, 460.0, 434.0, 654.0, 524.0], [568.0, 634.0, 904.0, 620.0, 777.0, 304.0, 709.0, 219.0, 934.0, 811.0, 1008.0, 949.0, 851.0, 766.0, 609.0, 0.0, 315.0, 882.0, 641.0, 144.0, 994.0, 657.0, 703.0, 614.0, 1081.0, 736.0, 708.0, 748.0, 836.0, 762.0, 503.0, 625.0, 386.0, 906.0, 460.0, 762.0, 793.0, 911.0, 551.0, 971.0, 96.0, 558.0, 843.0, 357.0, 767.0, 339.0, 800.0, 584.0, 747.0, 806.0, 483.0, 750.0, 822.0, 1022.0, 707.0, 532.0, 262.0, 879.0, 753.0, 308.0, 580.0, 1012.0, 531.0, 446.0, 815.0, 640.0, 907.0, 799.0, 664.0, 849.0, 330.0, 980.0, 847.0, 503.0, 993.0, 430.0, 94.0, 834.0, 888.0, 571.0, 667.0, 85.0, 312.0, 571.0, 263.0, 1022.0, 741.0, 897.0, 829.0, 669.0, 975.0, 932.0, 755.0, 389.0, 824.0, 868.0, 513.0, 833.0, 907.0, 711.0, 1015.0, 332.0, 910.0, 997.0, 664.0, 993.0, 853.0, 956.0, 921.0, 925.0, 824.0, 924.0, 280.0, 845.0, 879.0, 918.0, 548.0, 891.0, 751.0, 740.0, 1063.0, 772.0, 840.0, 855.0, 269.0, 390.0, 374.0, 822.0, 882.0, 337.0, 646.0, 937.0, 457.0, 874.0, 925.0, 1079.0, 970.0, 389.0, 510.0, 378.0, 813.0, 846.0, 1052.0, 858.0, 618.0, 201.0, 308.0, 715.0, 363.0, 774.0, 695.0, 308.0, 982.0, 783.0, 393.0, 1020.0, 794.0, 640.0, 1001.0, 598.0, 883.0, 966.0, 556.0, 737.0, 907.0, 359.0, 681.0, 971.0, 920.0, 383.0, 720.0, 912.0, 313.0, 454.0, 979.0, 874.0, 673.0, 670.0, 751.0, 435.0, 909.0, 187.0, 281.0, 651.0, 234.0, 306.0, 1006.0, 1007.0, 765.0, 907.0, 327.0, 720.0, 328.0, 415.0, 153.0], [335.0, 319.0, 594.0, 449.0, 477.0, 292.0, 394.0, 173.0, 653.0, 784.0, 733.0, 805.0, 670.0, 524.0, 557.0, 315.0, 0.0, 678.0, 655.0, 309.0, 796.0, 559.0, 389.0, 616.0, 859.0, 431.0, 731.0, 451.0, 523.0, 563.0, 193.0, 417.0, 100.0, 662.0, 148.0, 600.0, 661.0, 599.0, 613.0, 772.0, 311.0, 264.0, 650.0, 461.0, 618.0, 126.0, 540.0, 538.0, 497.0, 495.0, 315.0, 465.0, 619.0, 750.0, 507.0, 546.0, 175.0, 819.0, 578.0, 169.0, 265.0, 742.0, 216.0, 143.0, 622.0, 346.0, 696.0, 646.0, 351.0, 548.0, 163.0, 731.0, 861.0, 211.0, 729.0, 453.0, 340.0, 521.0, 792.0, 258.0, 365.0, 243.0, 88.0, 293.0, 138.0, 769.0, 570.0, 586.0, 567.0, 586.0, 766.0, 753.0, 677.0, 406.0, 530.0, 553.0, 251.0, 545.0, 730.0, 437.0, 719.0, 47.0, 620.0, 697.0, 452.0, 691.0, 672.0, 816.0, 743.0, 630.0, 542.0, 635.0, 141.0, 557.0, 607.0, 732.0, 240.0, 719.0, 518.0, 462.0, 860.0, 480.0, 563.0, 552.0, 69.0, 108.0, 98.0, 536.0, 585.0, 46.0, 390.0, 765.0, 160.0, 585.0, 630.0, 794.0, 667.0, 85.0, 200.0, 74.0, 515.0, 548.0, 756.0, 609.0, 342.0, 204.0, 23.0, 450.0, 79.0, 480.0, 428.0, 150.0, 754.0, 493.0, 79.0, 829.0, 509.0, 363.0, 708.0, 360.0, 701.0, 791.0, 241.0, 475.0, 720.0, 59.0, 398.0, 813.0, 665.0, 201.0, 642.0, 616.0, 69.0, 190.0, 689.0, 586.0, 398.0, 363.0, 444.0, 124.0, 727.0, 158.0, 206.0, 399.0, 124.0, 56.0, 704.0, 703.0, 514.0, 740.0, 90.0, 458.0, 123.0, 123.0, 173.0], [344.0, 562.0, 753.0, 264.0, 408.0, 593.0, 601.0, 667.0, 307.0, 477.0, 306.0, 212.0, 70.0, 184.0, 408.0, 882.0, 678.0, 0.0, 534.0, 764.0, 118.0, 316.0, 624.0, 507.0, 204.0, 729.0, 568.0, 778.0, 688.0, 120.0, 664.0, 264.0, 579.0, 142.0, 656.0, 156.0, 209.0, 541.0, 618.0, 93.0, 807.0, 463.0, 48.0, 677.0, 176.0, 574.0, 218.0, 425.0, 219.0, 496.0, 400.0, 834.0, 60.0, 296.0, 176.0, 533.0, 853.0, 416.0, 142.0, 844.0, 618.0, 286.0, 627.0, 561.0, 70.0, 753.0, 33.0, 154.0, 525.0, 798.0, 563.0, 182.0, 599.0, 494.0, 249.0, 563.0, 955.0, 543.0, 321.0, 638.0, 441.0, 800.0, 614.0, 782.0, 816.0, 225.0, 157.0, 735.0, 221.0, 338.0, 94.0, 101.0, 338.0, 569.0, 832.0, 644.0, 799.0, 866.0, 93.0, 311.0, 423.0, 633.0, 902.0, 446.0, 227.0, 464.0, 70.0, 228.0, 96.0, 886.0, 305.0, 912.0, 615.0, 336.0, 257.0, 72.0, 521.0, 102.0, 174.0, 309.0, 183.0, 817.0, 279.0, 430.0, 667.0, 726.0, 580.0, 867.0, 845.0, 633.0, 307.0, 123.0, 538.0, 884.0, 386.0, 392.0, 464.0, 603.0, 662.0, 612.0, 803.0, 821.0, 438.0, 164.0, 374.0, 873.0, 664.0, 280.0, 718.0, 372.0, 298.0, 587.0, 126.0, 834.0, 632.0, 152.0, 325.0, 362.0, 397.0, 320.0, 69.0, 136.0, 626.0, 261.0, 61.0, 696.0, 355.0, 184.0, 187.0, 508.0, 341.0, 866.0, 626.0, 490.0, 375.0, 888.0, 337.0, 469.0, 458.0, 592.0, 80.0, 708.0, 601.0, 295.0, 670.0, 732.0, 465.0, 476.0, 210.0, 122.0, 603.0, 268.0, 583.0, 713.0, 748.0], [499.0, 788.0, 1079.0, 375.0, 765.0, 378.0, 866.0, 516.0, 785.0, 179.0, 816.0, 450.0, 467.0, 573.0, 145.0, 641.0, 655.0, 534.0, 0.0, 497.0, 592.0, 228.0, 880.0, 42.0, 714.0, 973.0, 76.0, 1012.0, 1000.0, 464.0, 781.0, 450.0, 604.0, 651.0, 745.0, 381.0, 333.0, 938.0, 116.0, 581.0, 545.0, 641.0, 486.0, 291.0, 358.0, 536.0, 634.0, 145.0, 585.0, 848.0, 398.0, 1051.0, 501.0, 813.0, 449.0, 113.0, 779.0, 269.0, 408.0, 800.0, 796.0, 802.0, 770.0, 640.0, 474.0, 934.0, 566.0, 381.0, 779.0, 1080.0, 494.0, 711.0, 211.0, 621.0, 767.0, 217.0, 735.0, 898.0, 325.0, 806.0, 713.0, 592.0, 567.0, 914.0, 749.0, 756.0, 393.0, 1063.0, 659.0, 198.0, 607.0, 510.0, 213.0, 264.0, 1089.0, 986.0, 891.0, 1116.0, 489.0, 636.0, 905.0, 616.0, 1178.0, 914.0, 465.0, 924.0, 467.0, 448.0, 501.0, 1176.0, 719.0, 1192.0, 517.0, 756.0, 719.0, 516.0, 690.0, 469.0, 542.0, 660.0, 654.0, 1051.0, 710.0, 830.0, 596.0, 757.0, 592.0, 1111.0, 1128.0, 621.0, 563.0, 499.0, 626.0, 1149.0, 836.0, 906.0, 914.0, 635.0, 785.0, 636.0, 1064.0, 1093.0, 931.0, 637.0, 607.0, 756.0, 632.0, 611.0, 731.0, 736.0, 608.0, 505.0, 659.0, 1068.0, 670.0, 598.0, 713.0, 617.0, 880.0, 511.0, 485.0, 524.0, 786.0, 615.0, 512.0, 708.0, 648.0, 494.0, 691.0, 471.0, 196.0, 1156.0, 587.0, 562.0, 855.0, 1151.0, 624.0, 739.0, 786.0, 664.0, 500.0, 559.0, 456.0, 555.0, 556.0, 704.0, 931.0, 939.0, 595.0, 468.0, 569.0, 605.0, 535.0, 762.0, 588.0], [475.0, 605.0, 897.0, 500.0, 717.0, 172.0, 687.0, 148.0, 852.0, 666.0, 921.0, 815.0, 728.0, 667.0, 467.0, 144.0, 309.0, 764.0, 497.0, 0.0, 872.0, 519.0, 686.0, 469.0, 967.0, 738.0, 565.0, 759.0, 823.0, 646.0, 501.0, 517.0, 344.0, 804.0, 455.0, 635.0, 659.0, 867.0, 410.0, 851.0, 49.0, 502.0, 722.0, 218.0, 637.0, 276.0, 708.0, 442.0, 653.0, 760.0, 372.0, 773.0, 706.0, 932.0, 593.0, 387.0, 336.0, 735.0, 630.0, 374.0, 565.0, 922.0, 518.0, 407.0, 696.0, 655.0, 791.0, 670.0, 627.0, 855.0, 250.0, 878.0, 704.0, 449.0, 899.0, 285.0, 238.0, 795.0, 747.0, 561.0, 612.0, 106.0, 265.0, 597.0, 321.0, 922.0, 616.0, 888.0, 738.0, 529.0, 858.0, 806.0, 614.0, 245.0, 838.0, 844.0, 548.0, 854.0, 781.0, 631.0, 944.0, 304.0, 929.0, 931.0, 556.0, 930.0, 729.0, 821.0, 796.0, 939.0, 745.0, 944.0, 211.0, 771.0, 793.0, 794.0, 508.0, 764.0, 648.0, 662.0, 942.0, 789.0, 758.0, 796.0, 243.0, 408.0, 329.0, 844.0, 894.0, 310.0, 559.0, 810.0, 411.0, 894.0, 855.0, 998.0, 909.0, 359.0, 507.0, 350.0, 824.0, 856.0, 980.0, 760.0, 544.0, 291.0, 292.0, 629.0, 378.0, 707.0, 612.0, 233.0, 872.0, 802.0, 376.0, 897.0, 719.0, 566.0, 927.0, 505.0, 758.0, 839.0, 543.0, 650.0, 784.0, 365.0, 608.0, 839.0, 823.0, 294.0, 578.0, 924.0, 275.0, 389.0, 905.0, 894.0, 596.0, 621.0, 700.0, 407.0, 784.0, 150.0, 181.0, 562.0, 190.0, 325.0, 942.0, 945.0, 670.0, 778.0, 279.0, 633.0, 266.0, 429.0, 146.0], [461.0, 670.0, 837.0, 374.0, 501.0, 700.0, 701.0, 781.0, 363.0, 502.0, 335.0, 181.0, 146.0, 294.0, 483.0, 994.0, 796.0, 118.0, 592.0, 872.0, 0.0, 394.0, 726.0, 572.0, 122.0, 829.0, 614.0, 878.0, 778.0, 236.0, 778.0, 381.0, 697.0, 205.0, 772.0, 243.0, 261.0, 614.0, 689.0, 25.0, 916.0, 578.0, 151.0, 769.0, 251.0, 691.0, 315.0, 503.0, 328.0, 584.0, 513.0, 936.0, 177.0, 317.0, 292.0, 611.0, 971.0, 422.0, 243.0, 962.0, 729.0, 309.0, 740.0, 678.0, 179.0, 860.0, 105.0, 220.0, 630.0, 890.0, 679.0, 202.0, 619.0, 611.0, 275.0, 654.0, 1069.0, 628.0, 322.0, 749.0, 548.0, 913.0, 731.0, 893.0, 934.0, 227.0, 256.0, 820.0, 310.0, 408.0, 49.0, 83.0, 383.0, 666.0, 927.0, 727.0, 913.0, 962.0, 104.0, 419.0, 465.0, 750.0, 992.0, 495.0, 344.0, 515.0, 144.0, 194.0, 91.0, 974.0, 392.0, 1002.0, 731.0, 417.0, 330.0, 81.0, 635.0, 125.0, 288.0, 412.0, 70.0, 916.0, 362.0, 509.0, 784.0, 843.0, 698.0, 964.0, 936.0, 750.0, 422.0, 97.0, 655.0, 977.0, 448.0, 408.0, 521.0, 721.0, 776.0, 730.0, 898.0, 914.0, 471.0, 248.0, 488.0, 990.0, 781.0, 389.0, 835.0, 467.0, 408.0, 703.0, 119.0, 933.0, 749.0, 38.0, 417.0, 475.0, 440.0, 437.0, 117.0, 80.0, 738.0, 367.0, 89.0, 813.0, 463.0, 135.0, 243.0, 624.0, 396.0, 954.0, 743.0, 608.0, 422.0, 981.0, 447.0, 575.0, 554.0, 709.0, 95.0, 822.0, 713.0, 411.0, 785.0, 850.0, 514.0, 525.0, 316.0, 125.0, 720.0, 377.0, 699.0, 829.0, 862.0], [310.0, 608.0, 882.0, 163.0, 552.0, 354.0, 678.0, 471.0, 557.0, 252.0, 588.0, 297.0, 254.0, 346.0, 93.0, 657.0, 559.0, 316.0, 228.0, 519.0, 394.0, 0.0, 695.0, 196.0, 509.0, 795.0, 280.0, 839.0, 804.0, 236.0, 637.0, 241.0, 481.0, 424.0, 609.0, 160.0, 144.0, 722.0, 303.0, 378.0, 568.0, 464.0, 267.0, 381.0, 144.0, 434.0, 407.0, 110.0, 361.0, 638.0, 249.0, 884.0, 276.0, 586.0, 222.0, 218.0, 715.0, 262.0, 182.0, 724.0, 632.0, 575.0, 615.0, 499.0, 250.0, 775.0, 348.0, 174.0, 590.0, 895.0, 402.0, 486.0, 361.0, 459.0, 540.0, 266.0, 744.0, 689.0, 238.0, 645.0, 515.0, 586.0, 473.0, 771.0, 681.0, 532.0, 166.0, 865.0, 432.0, 37.0, 398.0, 315.0, 119.0, 286.0, 911.0, 782.0, 763.0, 941.0, 290.0, 422.0, 677.0, 513.0, 997.0, 687.0, 246.0, 698.0, 255.0, 302.0, 305.0, 990.0, 495.0, 1010.0, 443.0, 532.0, 492.0, 313.0, 521.0, 271.0, 316.0, 442.0, 461.0, 879.0, 485.0, 611.0, 517.0, 645.0, 473.0, 938.0, 944.0, 516.0, 356.0, 311.0, 480.0, 970.0, 611.0, 678.0, 689.0, 513.0, 639.0, 517.0, 884.0, 911.0, 703.0, 409.0, 410.0, 712.0, 537.0, 393.0, 625.0, 520.0, 394.0, 421.0, 441.0, 897.0, 548.0, 408.0, 492.0, 416.0, 652.0, 313.0, 278.0, 339.0, 627.0, 394.0, 306.0, 600.0, 441.0, 328.0, 463.0, 358.0, 87.0, 970.0, 491.0, 414.0, 627.0, 973.0, 416.0, 543.0, 579.0, 528.0, 298.0, 517.0, 400.0, 346.0, 495.0, 614.0, 704.0, 713.0, 370.0, 278.0, 469.0, 386.0, 437.0, 643.0, 555.0], [386.0, 92.0, 214.0, 534.0, 232.0, 608.0, 25.0, 539.0, 425.0, 947.0, 504.0, 820.0, 656.0, 441.0, 743.0, 703.0, 389.0, 624.0, 880.0, 686.0, 726.0, 695.0, 0.0, 838.0, 732.0, 106.0, 950.0, 154.0, 137.0, 553.0, 204.0, 459.0, 345.0, 529.0, 244.0, 639.0, 725.0, 247.0, 883.0, 703.0, 696.0, 238.0, 624.0, 786.0, 669.0, 420.0, 410.0, 736.0, 407.0, 175.0, 483.0, 210.0, 582.0, 529.0, 518.0, 795.0, 496.0, 940.0, 603.0, 456.0, 124.0, 525.0, 173.0, 283.0, 603.0, 154.0, 623.0, 682.0, 107.0, 201.0, 459.0, 572.0, 1054.0, 268.0, 532.0, 733.0, 716.0, 168.0, 875.0, 134.0, 189.0, 632.0, 422.0, 221.0, 471.0, 590.0, 606.0, 202.0, 418.0, 732.0, 680.0, 724.0, 804.0, 696.0, 217.0, 166.0, 275.0, 249.0, 710.0, 315.0, 429.0, 383.0, 301.0, 394.0, 468.0, 379.0, 658.0, 835.0, 717.0, 296.0, 343.0, 315.0, 481.0, 330.0, 417.0, 695.0, 196.0, 709.0, 458.0, 315.0, 769.0, 194.0, 374.0, 264.0, 446.0, 325.0, 360.0, 248.0, 249.0, 377.0, 350.0, 744.0, 285.0, 275.0, 359.0, 528.0, 354.0, 328.0, 197.0, 336.0, 190.0, 216.0, 463.0, 479.0, 287.0, 554.0, 399.0, 347.0, 347.0, 262.0, 334.0, 467.0, 633.0, 211.0, 313.0, 763.0, 313.0, 286.0, 430.0, 383.0, 679.0, 760.0, 148.0, 364.0, 684.0, 346.0, 276.0, 804.0, 505.0, 446.0, 779.0, 277.0, 411.0, 335.0, 422.0, 278.0, 298.0, 159.0, 176.0, 280.0, 700.0, 540.0, 534.0, 362.0, 496.0, 401.0, 392.0, 387.0, 415.0, 732.0, 409.0, 359.0, 429.0, 299.0, 561.0], [458.0, 747.0, 1038.0, 336.0, 726.0, 342.0, 824.0, 480.0, 750.0, 198.0, 784.0, 439.0, 442.0, 537.0, 108.0, 614.0, 616.0, 507.0, 42.0, 469.0, 572.0, 196.0, 838.0, 0.0, 692.0, 931.0, 117.0, 970.0, 959.0, 432.0, 740.0, 411.0, 563.0, 620.0, 704.0, 353.0, 311.0, 899.0, 119.0, 559.0, 518.0, 600.0, 459.0, 271.0, 332.0, 496.0, 598.0, 105.0, 548.0, 808.0, 356.0, 1009.0, 472.0, 782.0, 413.0, 82.0, 743.0, 278.0, 377.0, 763.0, 755.0, 771.0, 728.0, 599.0, 445.0, 892.0, 540.0, 357.0, 737.0, 1038.0, 454.0, 682.0, 246.0, 579.0, 736.0, 185.0, 707.0, 858.0, 322.0, 764.0, 672.0, 561.0, 528.0, 872.0, 713.0, 727.0, 362.0, 1022.0, 623.0, 169.0, 584.0, 490.0, 200.0, 231.0, 1047.0, 945.0, 851.0, 1074.0, 468.0, 597.0, 870.0, 576.0, 1136.0, 878.0, 427.0, 888.0, 442.0, 438.0, 481.0, 1134.0, 682.0, 1150.0, 478.0, 718.0, 684.0, 494.0, 648.0, 448.0, 507.0, 621.0, 636.0, 1010.0, 674.0, 791.0, 558.0, 717.0, 551.0, 1069.0, 1086.0, 581.0, 523.0, 481.0, 584.0, 1107.0, 800.0, 873.0, 877.0, 595.0, 743.0, 595.0, 1022.0, 1051.0, 896.0, 604.0, 566.0, 722.0, 593.0, 572.0, 691.0, 697.0, 569.0, 466.0, 633.0, 1026.0, 630.0, 580.0, 675.0, 577.0, 845.0, 471.0, 462.0, 507.0, 745.0, 577.0, 490.0, 668.0, 608.0, 480.0, 659.0, 430.0, 178.0, 1115.0, 547.0, 520.0, 820.0, 1109.0, 584.0, 698.0, 746.0, 623.0, 478.0, 524.0, 418.0, 516.0, 519.0, 665.0, 895.0, 902.0, 559.0, 449.0, 529.0, 566.0, 495.0, 722.0, 554.0], [527.0, 690.0, 814.0, 467.0, 500.0, 796.0, 707.0, 865.0, 327.0, 624.0, 274.0, 298.0, 255.0, 337.0, 600.0, 1081.0, 859.0, 204.0, 714.0, 967.0, 122.0, 509.0, 732.0, 692.0, 0.0, 831.0, 736.0, 879.0, 763.0, 321.0, 815.0, 458.0, 759.0, 208.0, 815.0, 353.0, 381.0, 582.0, 808.0, 133.0, 1009.0, 620.0, 249.0, 879.0, 365.0, 764.0, 336.0, 619.0, 367.0, 574.0, 599.0, 939.0, 261.0, 250.0, 374.0, 727.0, 1034.0, 541.0, 344.0, 1020.0, 756.0, 246.0, 774.0, 731.0, 274.0, 876.0, 175.0, 337.0, 646.0, 877.0, 758.0, 162.0, 739.0, 661.0, 220.0, 765.0, 1151.0, 612.0, 441.0, 776.0, 569.0, 998.0, 803.0, 919.0, 997.0, 160.0, 360.0, 796.0, 320.0, 526.0, 112.0, 205.0, 505.0, 773.0, 920.0, 706.0, 947.0, 954.0, 225.0, 447.0, 405.0, 815.0, 976.0, 441.0, 419.0, 463.0, 254.0, 309.0, 212.0, 955.0, 389.0, 984.0, 810.0, 405.0, 316.0, 198.0, 673.0, 245.0, 342.0, 433.0, 80.0, 916.0, 358.0, 490.0, 856.0, 893.0, 762.0, 958.0, 920.0, 814.0, 471.0, 219.0, 709.0, 965.0, 412.0, 329.0, 474.0, 779.0, 812.0, 789.0, 891.0, 903.0, 403.0, 262.0, 531.0, 1059.0, 847.0, 423.0, 889.0, 470.0, 444.0, 782.0, 106.0, 931.0, 804.0, 129.0, 420.0, 513.0, 383.0, 500.0, 231.0, 199.0, 768.0, 399.0, 203.0, 869.0, 493.0, 249.0, 227.0, 703.0, 517.0, 935.0, 812.0, 669.0, 371.0, 968.0, 482.0, 593.0, 556.0, 761.0, 214.0, 903.0, 800.0, 461.0, 863.0, 911.0, 458.0, 470.0, 351.0, 247.0, 791.0, 412.0, 773.0, 877.0, 943.0], [486.0, 187.0, 173.0, 635.0, 332.0, 680.0, 129.0, 595.0, 517.0, 1047.0, 593.0, 926.0, 762.0, 547.0, 839.0, 736.0, 431.0, 729.0, 973.0, 738.0, 829.0, 795.0, 106.0, 931.0, 831.0, 0.0, 1045.0, 48.0, 126.0, 659.0, 238.0, 562.0, 409.0, 631.0, 283.0, 745.0, 830.0, 306.0, 969.0, 807.0, 742.0, 333.0, 730.0, 859.0, 774.0, 487.0, 514.0, 831.0, 513.0, 262.0, 574.0, 107.0, 688.0, 619.0, 623.0, 883.0, 504.0, 1043.0, 708.0, 459.0, 183.0, 616.0, 223.0, 352.0, 709.0, 107.0, 728.0, 788.0, 211.0, 117.0, 529.0, 670.0, 1152.0, 353.0, 626.0, 815.0, 736.0, 238.0, 980.0, 180.0, 294.0, 672.0, 481.0, 188.0, 486.0, 685.0, 711.0, 170.0, 520.0, 832.0, 783.0, 829.0, 906.0, 775.0, 116.0, 187.0, 252.0, 145.0, 815.0, 421.0, 505.0, 436.0, 206.0, 466.0, 572.0, 449.0, 764.0, 941.0, 823.0, 208.0, 443.0, 220.0, 543.0, 427.0, 516.0, 800.0, 283.0, 815.0, 564.0, 420.0, 871.0, 88.0, 474.0, 352.0, 495.0, 346.0, 424.0, 143.0, 160.0, 430.0, 455.0, 850.0, 359.0, 176.0, 444.0, 607.0, 424.0, 386.0, 231.0, 392.0, 92.0, 123.0, 535.0, 582.0, 390.0, 567.0, 446.0, 453.0, 373.0, 364.0, 439.0, 533.0, 735.0, 105.0, 363.0, 867.0, 414.0, 390.0, 510.0, 485.0, 785.0, 865.0, 200.0, 470.0, 789.0, 379.0, 381.0, 910.0, 605.0, 524.0, 880.0, 190.0, 467.0, 417.0, 505.0, 178.0, 404.0, 265.0, 277.0, 340.0, 805.0, 589.0, 601.0, 467.0, 549.0, 430.0, 461.0, 454.0, 520.0, 838.0, 470.0, 465.0, 495.0, 321.0, 604.0], [568.0, 860.0, 1147.0, 436.0, 828.0, 452.0, 936.0, 590.0, 834.0, 144.0, 861.0, 457.0, 499.0, 626.0, 209.0, 708.0, 731.0, 568.0, 76.0, 565.0, 614.0, 280.0, 950.0, 117.0, 736.0, 1045.0, 0.0, 1085.0, 1069.0, 511.0, 856.0, 513.0, 679.0, 693.0, 820.0, 422.0, 360.0, 1000.0, 163.0, 605.0, 612.0, 713.0, 522.0, 353.0, 395.0, 612.0, 687.0, 214.0, 642.0, 912.0, 471.0, 1124.0, 542.0, 856.0, 502.0, 187.0, 853.0, 244.0, 452.0, 875.0, 870.0, 845.0, 844.0, 715.0, 513.0, 1008.0, 600.0, 414.0, 849.0, 1151.0, 570.0, 749.0, 139.0, 694.0, 809.0, 289.0, 802.0, 963.0, 319.0, 880.0, 781.0, 662.0, 643.0, 989.0, 824.0, 792.0, 4